
          User supplied weights for PRESENT table   1
 0.3333     0.3333      0.000      0.000      0.000      0.000      0.000      0.000    
  0.000      0.000      0.000      0.000      0.000      0.000     0.3333      0.000    
  0.000      0.000      0.000      0.000    

          User supplied weights for PRESENT table   1
 0.3333     0.3333      0.000      0.000      0.000      0.000      0.000      0.000    
  0.000      0.000      0.000      0.000      0.000      0.000     0.3333      0.000    
  0.000      0.000      0.000      0.000    

          User supplied weights for PRESENT table   1
  0.000      0.000      0.000      0.000      0.000      0.000      0.000      0.000    
  0.000     0.1429     0.1429     0.1429     0.1429     0.1429      0.000      0.000    
  0.000      0.000     0.1429     0.1429    

          User supplied weights for PRESENT table   1
  0.000      0.000     0.5000     0.5000      0.000      0.000      0.000      0.000    
  0.000      0.000      0.000      0.000      0.000      0.000      0.000      0.000    
  0.000      0.000      0.000      0.000    

          User supplied weights for PRESENT table   1
  0.000      0.000      0.000      0.000      0.000      0.000      0.000     0.2500    
 0.2500      0.000      0.000      0.000      0.000      0.000      0.000      0.000    
 0.2500     0.2500      0.000      0.000    

          User supplied weights for PRESENT table   1
 0.3333     0.3333      0.000      0.000      0.000      0.000      0.000      0.000    
  0.000      0.000      0.000      0.000      0.000      0.000     0.3333      0.000    
  0.000      0.000      0.000      0.000    

          User supplied weights for PRESENT table   1
  0.000      0.000      0.000      0.000      0.000      0.000      0.000      0.000    
  0.000     0.1429     0.1429     0.1429     0.1429     0.1429      0.000      0.000    
  0.000      0.000     0.1429     0.1429    

          User supplied weights for PRESENT table   1
  0.000      0.000      0.000      0.000      0.000      0.000      0.000      0.000    
  0.000     0.1429     0.1429     0.1429     0.1429     0.1429      0.000      0.000    
  0.000      0.000     0.1429     0.1429    

          User supplied weights for PRESENT table   1
  0.000      0.000     0.5000     0.5000      0.000      0.000      0.000      0.000    
  0.000      0.000      0.000      0.000      0.000      0.000      0.000      0.000    
  0.000      0.000      0.000      0.000    

          User supplied weights for PRESENT table   1
  0.000      0.000      0.000      0.000      0.000      0.000      0.000     0.2500    
 0.2500      0.000      0.000      0.000      0.000      0.000      0.000      0.000    
 0.2500     0.2500      0.000      0.000    

          User supplied weights for PRESENT table   1
 0.3333     0.3333      0.000      0.000      0.000      0.000      0.000      0.000    
  0.000      0.000      0.000      0.000      0.000      0.000     0.3333      0.000    
  0.000      0.000      0.000      0.000    
